  -4.00000000       1.20000005       1.20000005       1.20000005    
  -3.98666668       1.20000005       1.20000005       1.20000005    
  -3.97333336       1.20000005       1.20000005       1.20000005    
  -3.96000004       1.20000005       1.20000005       1.20000005    
  -3.94666672       1.20000005       1.20000005       1.20000005    
  -3.93333340       1.20000005       1.20000005       1.20000005    
  -3.92000008       1.20000005       1.20000005       1.20000005    
  -3.90666676       1.20000005       1.20000005       1.20000005    
  -3.89333344       1.20000005       1.20000005       1.20000005    
  -3.88000011       1.20000005       1.20000005       1.20000005    
  -3.86666632       1.20000005       1.20000005       1.20000005    
  -3.85333300       1.20000005       1.20000005       1.20000005    
  -3.83999968       1.20000005       1.20000005       1.20000005    
  -3.82666636       1.20000005       1.20000005       1.20000005    
  -3.81333303       1.20000005       1.20000005       1.20000005    
  -3.79999971       1.20000005       1.20000005       1.20000005    
  -3.78666639       1.20000005       1.20000005       1.20000005    
  -3.77333307       1.20000005       1.20000005       1.20000005    
  -3.75999975       1.20000005       1.20000005       1.20000005    
  -3.74666643       1.20000005       1.20000005       1.20000005    
  -3.73333311       1.20000005       1.20000005       1.20000005    
  -3.71999979       1.20000005       1.20000005       1.20000005    
  -3.70666647       1.20000005       1.20000005       1.20000005    
  -3.69333315       1.20000005       1.20000005       1.20000005    
  -3.67999983       1.20000005       1.20000005       1.20000005    
  -3.66666651       1.20000005       1.20000005       1.20000005    
  -3.65333319       1.20000005       1.20000005       1.20000005    
  -3.63999987       1.20000005       1.20000005       1.20000005    
  -3.62666655       1.20000005       1.20000005       1.20000005    
  -3.61333323       1.20000005       1.20000005       1.20000005    
  -3.59999990       1.20000005       1.20000005       1.20000005    
  -3.58666658       1.20000005       1.20000005       1.20000005    
  -3.57333326       1.20000005       1.20000005       1.20000005    
  -3.55999994       1.20000005       1.20000005       1.20000005    
  -3.54666662       1.20000005       1.20000005       1.20000005    
  -3.53333330       1.20000005       1.20000005       1.20000005    
  -3.51999998       1.20000005       1.20000005       1.20000005    
  -3.50666666       1.20000005       1.20000005       1.20000005    
  -3.49333334       1.20000005       1.20000005       1.20000005    
  -3.48000002       1.20000005       1.20000005       1.20000005    
  -3.46666670       1.20000005       1.20000005       1.20000005    
  -3.45333338       1.20000005       1.20000005       1.20000005    
  -3.44000006       1.20000005       1.20000005       1.20000005    
  -3.42666674       1.20000005       1.20000005       1.20000005    
  -3.41333342       1.20000005       1.20000005       1.20000005    
  -3.40000010       1.20000005       1.20000005       1.20000005    
  -3.38666677       1.20000005       1.20000005       1.20000005    
  -3.37333345       1.20000005       1.20000005       1.20000005    
  -3.36000013       1.20000005       1.20000005       1.20000005    
  -3.34666681       1.20000005       1.20000005       1.20000005    
  -3.33333302       1.20000005       1.20000005       1.20000005    
  -3.31999969       1.20000005       1.20000005       1.20000005    
  -3.30666637       1.20000005       1.20000005       1.20000005    
  -3.29333305       1.20000005       1.20000005       1.20000005    
  -3.27999973       1.20000005       1.20000005       1.20000005    
  -3.26666641       1.20000005       1.20000005       1.20000005    
  -3.25333309       1.20000005       1.20000005       1.20000005    
  -3.23999977       1.20000005       1.20000005       1.20000005    
  -3.22666645       1.20000005       1.20000005       1.20000005    
  -3.21333313       1.20000005       1.20000005       1.20000005    
  -3.19999981       1.20000005       1.20000005       1.20000005    
  -3.18666649       1.20000005       1.20000005       1.20000005    
  -3.17333317       1.20000005       1.20000005       1.20000005    
  -3.15999985       1.20000005       1.20000005       1.20000005    
  -3.14666653       1.20000005       1.20000005       1.20000005    
  -3.13333321       1.20000005       1.20000005       1.20000005    
  -3.11999989       1.20000005       1.20000005       1.20000005    
  -3.10666656       1.20000005       1.20000005       1.20000005    
  -3.09333324       1.20000005       1.20000005       1.20000005    
  -3.07999992       1.20000005       1.20000005       1.20000005    
  -3.06666660       1.20000005       1.20000005       1.20000005    
  -3.05333328       1.20000005       1.20000005       1.20000005    
  -3.03999996       1.20000005       1.20000005       1.20000005    
  -3.02666664       1.20000005       1.20000005       1.20000005    
  -3.01333332       1.20000005       1.20000005       1.20000005    
  -3.00000000       1.20000005       1.20000005       1.20000005    
  -2.98666668       1.20000005       1.20000005       1.20000005    
  -2.97333336       1.20000005       1.20000005       1.20000005    
  -2.96000004       1.20000005       1.20000005       1.20000005    
  -2.94666672       1.20000005       1.20000005       1.20000005    
  -2.93333340       1.20000005       1.20000005       1.20000005    
  -2.92000008       1.20000005       1.20000005       1.20000005    
  -2.90666676       1.20000005       1.20000005       1.20000005    
  -2.89333344       1.20000005       1.20000005       1.20000005    
  -2.88000011       1.20000005       1.20000005       1.20000005    
  -2.86666679       1.20000005       1.20000005       1.20000005    
  -2.85333347       1.20000005       1.20000005       1.20000005    
  -2.84000015       1.20000005       1.20000005       1.20000005    
  -2.82666683       1.20000005       1.20000005       1.20000005    
  -2.81333351       1.20000005       1.20000005       1.20000005    
  -2.79999971       1.20000005       1.20000005       1.20000005    
  -2.78666639       1.20000005       1.20000005       1.20000005    
  -2.77333307       1.20000005       1.20000005       1.20000005    
  -2.75999975       1.20000005       1.20000005       1.20000005    
  -2.74666643       1.20000005       1.20000005       1.20000005    
  -2.73333311       1.20000005       1.20000005       1.20000005    
  -2.71999979       1.20000005       1.20000005       1.20000005    
  -2.70666647       1.20000005       1.20000005       1.20000005    
  -2.69333315       1.20000005       1.20000005       1.20000005    
  -2.67999983       1.20000005       1.20000005       1.20000005    
  -2.66666651       1.20000005       1.20000005       1.20000005    
  -2.65333319       1.20000005       1.20000005       1.20000005    
  -2.63999987       1.20000005       1.20000005       1.20000005    
  -2.62666655       1.20000005       1.20000005       1.20000005    
  -2.61333323       1.20000005       1.20000005       1.20000005    
  -2.59999990       1.20000005       1.20000005       1.20000005    
  -2.58666658       1.20000005       1.20000005       1.20000005    
  -2.57333326       1.20000005       1.20000005       1.20000005    
  -2.55999994       1.20000005       1.20000005       1.20000005    
  -2.54666662       1.20000005       1.20000005       1.20000005    
  -2.53333330       1.20000005       1.20000005       1.20000005    
  -2.51999998       1.20000005       1.20000005       1.20000005    
  -2.50666666       1.20000005       1.20000005       1.20000005    
  -2.49333334       1.20000005       1.20000005       1.20000005    
  -2.48000002       1.20000005       1.20000005       1.20000005    
  -2.46666670       1.20000005       1.20000005       1.20000005    
  -2.45333338       1.20000005       1.20000005       1.20000005    
  -2.44000006       1.20000005       1.20000005       1.20000005    
  -2.42666674       1.20000005       1.20000005       1.20000005    
  -2.41333342       1.20000005       1.20000005       1.20000005    
  -2.40000010       1.20000005       1.20000005       1.20000005    
  -2.38666677       1.20000005       1.20000005       1.20000005    
  -2.37333345       1.20000005       1.20000005       1.20000005    
  -2.36000013       1.20000005       1.20000005       1.20000005    
  -2.34666681       1.20000005       1.20000005       1.20000005    
  -2.33333349       1.20000005       1.20000005       1.20000005    
  -2.32000017       1.20000005       1.20000005       1.20000005    
  -2.30666637       1.20000005       1.20000005       1.20000005    
  -2.29333305       1.20000005       1.20000005       1.20000005    
  -2.27999973       1.20000005       1.20000005       1.20000005    
  -2.26666641       1.20000005       1.20000005       1.20000005    
  -2.25333309       1.20000005       1.20000005       1.20000005    
  -2.23999977       1.20000005       1.20000005       1.20000005    
  -2.22666645       1.20000005       1.20000005       1.20000005    
  -2.21333313       1.20000005       1.20000005       1.20000005    
  -2.19999981       1.20000005       1.20000005       1.20000005    
  -2.18666649       1.20000005       1.20000005       1.20000005    
  -2.17333317       1.20000005       1.20000005       1.20000005    
  -2.15999985       1.20000005       1.20000005       1.20000005    
  -2.14666653       1.20000005       1.20000005       1.20000005    
  -2.13333321       1.20000005       1.20000005       1.20000005    
  -2.11999989       1.20000005       1.20000005       1.20000005    
  -2.10666656       1.20000005       1.20000005       1.20000005    
  -2.09333324       1.20000005       1.20000005       1.20000005    
  -2.07999992       1.20000005       1.20000005       1.20000005    
  -2.06666660       1.20000005       1.20000005       1.20000005    
  -2.05333328       1.20000005       1.20000005       1.20000005    
  -2.03999996       1.20000005       1.20000005       1.20000005    
  -2.02666664       1.20000005       1.20000005       1.20000005    
  -2.01333332       1.20000005       1.20000005       1.20000005    
  -2.00000000       1.20000005       1.20000005       1.20000005    
  -1.98666680       1.20000005       1.20000005       1.20000005    
  -1.97333348       1.20000005       1.20000005       1.20000005    
  -1.96000016       1.20000005       1.20000005       1.20000005    
  -1.94666684       1.20000005       1.20000005       1.20000005    
  -1.93333352       1.20000005       1.20000005       1.20000005    
  -1.92000020       1.20000005       1.20000005       1.20000005    
  -1.90666687       1.20000005       1.20000005       1.20000005    
  -1.89333355       1.20000005       1.20000005       1.20000005    
  -1.88000023       1.20000005       1.20000005       1.20000005    
  -1.86666644       1.20000005       1.20000005       1.20000005    
  -1.85333312       1.20000005       1.20000005       1.20000005    
  -1.83999979       1.20000005       1.20000005       1.20000005    
  -1.82666647       1.20000005       1.20000005       1.20000005    
  -1.81333315       1.20000005       1.20000005       1.20000005    
  -1.79999983       1.20000005       1.20000005       1.20000005    
  -1.78666651       1.20000005       1.20000005       1.20000005    
  -1.77333319       1.20000005       1.20000005       1.20000005    
  -1.75999987       1.20000005       1.20000005       1.20000005    
  -1.74666655       1.20000005       1.20000005       1.20000005    
  -1.73333323       1.20000005       1.20000005       1.20000005    
  -1.71999991       1.20000005       1.20000005       1.20000005    
  -1.70666659       1.20000005       1.20000005       1.20000005    
  -1.69333327       1.20000005       1.20000005       1.20000005    
  -1.67999995       1.20000005       1.20000005       1.20000005    
  -1.66666663       1.20000005       1.20000005       1.20000005    
  -1.65333331       1.20000005       1.20000005       1.20000005    
  -1.63999999       1.20000005       1.20000005       1.20000005    
  -1.62666667       1.20000005       1.20000005       1.20000005    
  -1.61333334       1.20000005       1.20000005       1.20000005    
  -1.60000002       1.20000005       1.20000005       1.20000005    
  -1.58666670       1.20000005       1.20000005       1.20000005    
  -1.57333338       1.20000005       1.20000005       1.20000005    
  -1.56000006       1.20000005       1.20000005       1.20000005    
  -1.54666674       1.20000005       1.20000005       1.20000005    
  -1.53333342       1.20000005       1.20000005       1.20000005    
  -1.52000010       1.20000005       1.20000005       1.20000005    
  -1.50666678       1.20000005       1.20000005       1.20000005    
  -1.49333346       1.20000005       1.20000005       1.20000005    
  -1.48000014       1.20000005       1.20000005       1.20000005    
  -1.46666682       1.20000005       1.20000005       1.20000005    
  -1.45333350       1.20000005       1.20000005       1.20000005    
  -1.44000018       1.20000005       1.20000005       1.20000005    
  -1.42666686       1.20000005       1.20000005       1.20000005    
  -1.41333354       1.20000005       1.20000005       1.20000005    
  -1.40000021       1.20000005       1.20000005       1.20000005    
  -1.38666689       1.20000005       1.20000005       1.20000005    
  -1.37333310       1.20000005       1.20000005       1.20000005    
  -1.35999978       1.20000005       1.20000005       1.20000005    
  -1.34666646       1.20000005       1.20000005       1.20000005    
  -1.33333313       1.20000005       1.20000005       1.20000005    
  -1.31999981       1.20000005       1.20000005       1.20000005    
  -1.30666649       1.20000005       1.20000005       1.20000005    
  -1.29333317       1.20000005       1.20000005       1.20000005    
  -1.27999985       1.20000005       1.20000005       1.20000005    
  -1.26666653       1.20000005       1.20000005       1.20000005    
  -1.25333321       1.20000005       1.20000005       1.20000005    
  -1.23999989       1.20000005       1.20000005       1.20000005    
  -1.22666657       1.20000005       1.20000005       1.20000005    
  -1.21333325       1.20000005       1.20000005       1.20000005    
  -1.19999993       1.20000005       1.20000005       1.20000005    
  -1.18666661       1.20000005       1.20000005       1.20000005    
  -1.17333329       1.20000005       1.20000005       1.20000005    
  -1.15999997       1.20000005       1.20000005       1.20000005    
  -1.14666665       1.20000005       1.20000005       1.20000005    
  -1.13333333       1.20000005       1.20000005       1.20000005    
  -1.12000000       1.20000005       1.20000005       1.20000005    
  -1.10666668       1.20000005       1.20000005       1.20000005    
  -1.09333336       1.20000005       1.20000005       1.20000005    
  -1.08000004       1.20000005       1.20000005       1.20000005    
  -1.06666672       1.20000005       1.20000005       1.20000005    
  -1.05333340       1.20000005       1.20000005       1.20000005    
  -1.04000008       1.20000005       1.20000005       1.20000005    
  -1.02666676       1.20000005       1.20000005       1.20000005    
  -1.01333344       1.20000005       1.20000005       1.20000005    
  -1.00000012       1.20000005       1.20000005       1.20000005    
 -0.986666799       1.20000005       1.20000005       1.20000005    
 -0.973333478       1.20000005       1.20000005       1.20000005    
 -0.960000157       1.20000005       1.20000005       1.20000005    
 -0.946666837       1.20000005       1.20000005       1.20000005    
 -0.933333516       1.20000005       1.20000005       1.20000005    
 -0.920000196       1.20000005       1.20000005       1.20000005    
 -0.906666875       1.20000005       1.20000005       1.20000005    
 -0.893333554       1.20000005       1.20000005       1.20000005    
 -0.880000234       1.20000005       1.20000005       1.20000005    
 -0.866666436       1.20000005       1.20000005       1.20000005    
 -0.853333116       1.20000005       1.20000005       1.20000005    
 -0.839999795       1.20000005       1.20000005       1.20000005    
 -0.826666474       1.20000005       1.20000005       1.20000005    
 -0.813333154       1.20000005       1.20000005       1.20000005    
 -0.799999833       1.20000005       1.20000005       1.20000005    
 -0.786666512       1.20000005       1.20000005       1.20000005    
 -0.773333192       1.20000005       1.20000005       1.20000005    
 -0.759999871       1.20000005       1.20000005       1.20000005    
 -0.746666551       1.20000005       1.20000005       1.20000005    
 -0.733333230       1.20000005       1.20000005       1.20000005    
 -0.719999909       1.20000005       1.20000005       1.20000005    
 -0.706666589       1.20000005       1.20000005       1.20000005    
 -0.693333268       1.20000005       1.20000005       1.20000005    
 -0.679999948       1.20000005       1.20000005       1.20000005    
 -0.666666627       1.20000005       1.20000005       1.20000005    
 -0.653333306       1.20000005       1.20000005       1.20000005    
 -0.639999986       1.20000005       1.20000005       1.20000005    
 -0.626666665       1.20000005       1.20000005       1.20000005    
 -0.613333344       1.20000005       1.20000005       1.20000005    
 -0.600000024       1.20000005       1.20000005       1.20000005    
 -0.586666703       1.20000005       1.20000005       1.20000005    
 -0.573333383       1.20000005       1.20000005       1.20000005    
 -0.560000062       1.20000005       1.20000005       1.20000005    
 -0.546666741       1.20000005       1.20000005       1.20000005    
 -0.533333421       1.20000005       1.20000005       1.20000005    
 -0.520000100       1.20000005       1.20000005       1.20000005    
 -0.506666780       1.20000005       1.20000005       1.20000005    
 -0.493333459       1.20000005       1.20000005       1.20000005    
 -0.480000138       1.20000005       1.20000005       1.20000005    
 -0.466666818       1.20000005       1.20000005       1.20000005    
 -0.453333497       1.20000005       1.20000005       1.20000005    
 -0.440000176       1.20000005       1.20000005       1.20000005    
 -0.426666856       1.20000005       1.20000005       1.20000005    
 -0.413333535       1.20000005       1.20000005       1.20000005    
 -0.400000095       1.20000005       1.20000005       1.20000005    
 -0.386666775       1.20000005       1.20000005       1.20000005    
 -0.373333216       1.20000005       1.20000005       1.20000005    
 -0.359999895       1.20000005       1.20000005       1.20000005    
 -0.346666574       1.20000005       1.20000005       1.20000005    
 -0.333333254       1.20000005       1.20000005       1.20000005    
 -0.319999933       1.20000005       1.20000005       1.20000005    
 -0.306666613       1.20000005       1.20000005       1.20000005    
 -0.293333292       1.20000005       1.20000005       1.20000005    
 -0.279999971       1.20000005       1.20000005       1.20000005    
 -0.266666651       1.20000005       1.20000005       1.20000005    
 -0.253333330       1.20000005       1.20000005       1.20000005    
 -0.240000010       1.20000005       1.20000005       1.20000005    
 -0.226666689       1.20000029       1.20000005       1.20000005    
 -0.213333368       1.20000017       1.20000005       1.20000005    
 -0.200000048       1.19999957       1.20000005       1.20000005    
 -0.186666727       1.19999933       1.20000005       1.20000005    
 -0.173333406       1.20000041       1.20000005       1.20000005    
 -0.160000086       1.20000100       1.20000005       1.20000005    
 -0.146666765       1.20000029       1.20000005       1.20000005    
 -0.133333445       1.19999933       1.20000005       1.20000005    
 -0.119999886       1.19999945       1.20000005       1.20000005    
 -0.106666565       1.20000041       1.20000005       1.20000005    
  -9.33332443E-02   1.20000064       1.20000005       1.20000005    
  -7.99999237E-02   1.20000005       1.20000005       1.20000005    
  -6.66666031E-02   1.20000029       1.20000005       1.20000005    
  -5.33332825E-02   1.19999969       1.20000005       1.20000005    
  -3.99999619E-02   1.19999945       1.20000005       1.20000005    
  -2.66666412E-02   1.20000029       1.20000005       1.20000005    
  -1.33333206E-02   1.20000088       1.20000005       1.20000005    
   0.00000000       1.20000041       1.20000005      0.400000006    
   1.33333206E-02   1.19999945       1.20000005      0.400000006    
   2.66666412E-02   1.19999933       1.20000005      0.400000006    
   3.99999619E-02   1.20000041       1.20000005      0.400000006    
   5.33332825E-02   1.20000100       1.20000005      0.400000006    
   6.66666031E-02   1.20000029       1.20000005      0.400000006    
   7.99999237E-02   1.19999933       1.20000005      0.400000006    
   9.33332443E-02   1.19999945       1.20000005      0.400000006    
  0.106666565       1.20000052       1.20000005      0.400000006    
  0.119999886       1.20000100       1.20000005      0.400000006    
  0.133333206       1.20000017       1.20000005      0.400000006    
  0.146666527       1.19999933       1.20000005      0.400000006    
  0.159999847       1.19999957       1.20000005      0.400000006    
  0.173333168       1.20000064       1.20000005      0.400000006    
  0.186666489       1.20000088       1.20000005      0.400000006    
  0.199999809       1.20000005       1.20000005      0.400000006    
  0.213333130       1.19999933       1.20000005      0.400000006    
  0.226666451       1.19999969       1.20000005      0.400000006    
  0.239999771       1.20000076       1.20000005      0.400000006    
  0.253333569       1.20000100       1.20000005      0.400000006    
  0.266666889       1.19999993       1.20000005      0.400000006    
  0.280000210       1.19999933       1.20000005      0.400000006    
  0.293333530       1.19999981       1.20000005      0.400000006    
  0.306666851       1.20000076       1.20000005      0.400000006    
  0.320000172       1.20000088       1.20000005      0.400000006    
  0.333333492       1.19999981       1.20000005      0.400000006    
  0.346666813       1.19999921       1.20000005      0.400000006    
  0.360000134       1.19999993       1.20000005      0.400000006    
  0.373333454       1.20000088       1.20000005      0.400000006    
  0.386666775       1.20000076       1.20000005      0.400000006    
  0.400000095       1.19999969       1.20000005      0.400000006    
  0.413333416       1.19999945       1.20000005      0.400000006    
  0.426666737       1.20000017       1.20000005      0.400000006    
  0.440000057       1.20000041       1.20000005      0.400000006    
  0.453333378       1.19999969       1.20000005      0.400000006    
  0.466666698       1.19999945       1.20000005      0.400000006    
  0.480000019       1.20000041       1.20000005      0.400000006    
  0.493333340       1.20000100       1.20000005      0.400000006    
  0.506666660       1.20000029       1.20000005      0.400000006    
  0.519999981       1.19999945       1.20000005      0.400000006    
  0.533333302       1.19999981       1.20000005      0.400000006    
  0.546666622       1.20000029       1.20000005      0.400000006    
  0.559999943       1.19999993       1.20000005      0.400000006    
  0.573333263       1.19999933       1.20000005      0.400000006    
  0.586666584       1.19999957       1.20000005      0.400000006    
  0.599999905       1.20000064       1.20000005      0.400000006    
  0.613333225       1.20000088       1.20000005      0.400000006    
  0.626666546       1.19999981       1.20000005      0.400000006    
  0.639999866       1.19999909       1.20000005      0.400000006    
  0.653333187       1.19999945       1.20000005      0.400000006    
  0.666666508       1.20000041       1.20000005      0.400000006    
  0.679999828       1.20000100       1.20000005      0.400000006    
  0.693333149       1.20000029       1.20000005      0.400000006    
  0.706666470       1.19999921       1.20000005      0.400000006    
  0.719999790       1.19999886       1.20000005      0.400000006    
  0.733333111       1.19999969       1.20000005      0.400000006    
  0.746666431       1.20000064       1.20000005      0.400000006    
  0.760000229       1.20000100       1.20000005      0.400000006    
  0.773333549       1.20000017       1.20000005      0.400000006    
  0.786666870       1.19999921       1.20000005      0.400000006    
  0.800000191       1.19999897       1.20000005      0.400000006    
  0.813333511       1.20000005       1.20000005      0.400000006    
  0.826666832       1.20000112       1.20000005      0.400000006    
  0.840000153       1.20000136       1.20000005      0.400000006    
  0.853333473       1.20000029       1.20000005      0.400000006    
  0.866666794       1.19999921       1.20000005      0.400000006    
  0.880000114       1.19999909       1.20000005      0.400000006    
  0.893333435       1.20000005       1.20000005      0.400000006    
  0.906666756       1.20000100       1.20000005      0.400000006    
  0.920000076       1.20000088       1.20000005      0.400000006    
  0.933333397       1.19999981       1.20000005      0.400000006    
  0.946666718       1.19999897       1.20000005      0.400000006    
  0.960000038       1.19999921       1.20000005      0.400000006    
  0.973333359       1.20000017       1.20000005      0.400000006    
  0.986666679       1.20000076       1.20000005      0.400000006    
   1.00000000       1.20000041       1.20000005      0.400000006    
   1.01333332       1.19999921       1.20000005      0.400000006    
   1.02666664       1.19999862       1.20000005      0.400000006    
   1.03999996       1.19999886       1.20000005      0.400000006    
   1.05333328       1.20000088       1.20000005      0.400000006    
   1.06666660       1.20000279       1.20000005      0.400000006    
   1.07999992       1.20000184       1.20000005      0.400000006    
   1.09333324       1.19999731       1.20000005      0.400000006    
   1.10666656       1.19999266       1.20000005      0.400000006    
   1.11999989       1.19999278       1.20000005      0.400000006    
   1.13333321       1.19999993       1.20000005      0.400000006    
   1.14666653       1.20000947       1.20000005      0.400000006    
   1.15999985       1.20001197       1.20000005      0.400000006    
   1.17333317       1.20000148       1.20000005      0.400000006    
   1.18666649       1.19998312       1.20000005      0.400000006    
   1.19999981       1.19997287       1.20000005      0.400000006    
   1.21333313       1.19998610       1.20000005      0.400000006    
   1.22666645       1.20002007       1.20000005      0.400000006    
   1.23999977       1.20005000       1.20000005      0.400000006    
   1.25333357       1.20004416       1.20000005      0.400000006    
   1.26666689       1.19999194       1.20000005      0.400000006    
   1.28000021       1.19992304       1.20000005      0.400000006    
   1.29333353       1.19989550       1.20000005      0.400000006    
   1.30666685       1.19995224       1.20000005      0.400000006    
   1.32000017       1.20007789       1.20000005      0.400000006    
   1.33333349       1.20019007       1.20000005      0.400000006    
   1.34666681       1.20018613       1.20000005      0.400000006    
   1.36000013       1.20002139       1.20000005      0.400000006    
   1.37333345       1.19976783       1.20000005      0.400000006    
   1.38666677       1.19959629       1.20000005      0.400000006    
   1.40000010       1.19967496       1.20000005      0.400000006    
   1.41333342       1.20003963       1.20000005      0.400000006    
   1.42666674       1.20052350       1.20000005      0.400000006    
   1.44000006       1.20081437       1.20000005      0.400000006    
   1.45333338       1.20063198       1.20000005      0.400000006    
   1.46666670       1.19993055       1.20000005      0.400000006    
   1.48000002       1.19900393       1.20000005      0.400000006    
   1.49333334       1.19838822       1.20000005      0.400000006    
   1.50666666       1.19859016       1.20000005      0.400000006    
   1.51999998       1.19976199       1.20000005      0.400000006    
   1.53333330       1.20151341       1.20000005      0.400000006    
   1.54666662       1.20299816       1.20000005      0.400000006    
   1.55999994       1.20327592       1.20000005      0.400000006    
   1.57333326       1.20180655       1.20000005      0.400000006    
   1.58666658       1.19883502       1.20000005      0.400000006    
   1.59999990       1.19544876      0.400000006      0.400000006    
   1.61333323       1.19322920      0.400000006      0.400000006    
   1.62666655       1.19360292      0.400000006      0.400000006    
   1.63999987       1.19714952      0.400000006      0.400000006    
   1.65333319       1.20317578      0.400000006      0.400000006    
   1.66666651       1.20976138      0.400000006      0.400000006    
   1.67999983       1.21431577      0.400000006      0.400000006    
   1.69333315       1.21447265      0.400000006      0.400000006    
   1.70666647       1.20901036      0.400000006      0.400000006    
   1.71999979       1.19846833      0.400000006      0.400000006    
   1.73333311       1.18522549      0.400000006      0.400000006    
   1.74666643       1.17299151      0.400000006      0.400000006    
   1.76000023       1.16584849      0.400000006      0.400000006    
   1.77333355       1.16712332      0.400000006      0.400000006    
   1.78666687       1.17841351      0.400000006      0.400000006    
   1.80000019       1.19902146      0.400000006      0.400000006    
   1.81333351       1.22593939      0.400000006      0.400000006    
   1.82666683       1.25435996      0.400000006      0.400000006    
   1.84000015       1.27855790      0.400000006      0.400000006    
   1.85333347       1.29292381      0.400000006      0.400000006    
   1.86666679       1.29290998      0.400000006      0.400000006    
   1.88000011       1.27571046      0.400000006      0.400000006    
   1.89333344       1.24057293      0.400000006      0.400000006    
   1.90666676       1.18874049      0.400000006      0.400000006    
   1.92000008       1.12308872      0.400000006      0.400000006    
   1.93333340       1.04757512      0.400000006      0.400000006    
   1.94666672      0.966625214      0.400000006      0.400000006    
   1.96000004      0.884566069      0.400000006      0.400000006    
   1.97333336      0.805184245      0.400000006      0.400000006    
   1.98666668      0.731445253      0.400000006      0.400000006    
   2.00000000      0.665374637      0.400000006      0.400000006    
   2.01333332      0.608078361      0.400000006      0.400000006    
   2.02666664      0.559861541      0.400000006      0.400000006    
   2.03999996      0.520401657      0.400000006      0.400000006    
   2.05333328      0.488942116      0.400000006      0.400000006    
   2.06666660      0.464472234      0.400000006      0.400000006    
   2.07999992      0.445879966      0.400000006      0.400000006    
   2.09333324      0.432065874      0.400000006      0.400000006    
   2.10666656      0.422019333      0.400000006      0.400000006    
   2.11999989      0.414861828      0.400000006      0.400000006    
   2.13333321      0.409862876      0.400000006      0.400000006    
   2.14666653      0.406437993      0.400000006      0.400000006    
   2.15999985      0.404134750      0.400000006      0.400000006    
   2.17333317      0.402613610      0.400000006      0.400000006    
   2.18666649      0.401626438      0.400000006      0.400000006    
   2.19999981      0.400996596      0.400000006      0.400000006    
   2.21333313      0.400601447      0.400000006      0.400000006    
   2.22666645      0.400357634      0.400000006      0.400000006    
   2.23999977      0.400209635      0.400000006      0.400000006    
   2.25333357      0.400121123      0.400000006      0.400000006    
   2.26666689      0.400069088      0.400000006      0.400000006    
   2.28000021      0.400039017      0.400000006      0.400000006    
   2.29333353      0.400021881      0.400000006      0.400000006    
   2.30666685      0.400012255      0.400000006      0.400000006    
   2.32000017      0.400006860      0.400000006      0.400000006    
   2.33333349      0.400003880      0.400000006      0.400000006    
   2.34666681      0.400002241      0.400000006      0.400000006    
   2.36000013      0.400001258      0.400000006      0.400000006    
   2.37333345      0.400000542      0.400000006      0.400000006    
   2.38666677      0.400000125      0.400000006      0.400000006    
   2.40000010      0.400000006      0.400000006      0.400000006    
   2.41333342      0.400000006      0.400000006      0.400000006    
   2.42666674      0.400000006      0.400000006      0.400000006    
   2.44000006      0.400000006      0.400000006      0.400000006    
   2.45333338      0.400000006      0.400000006      0.400000006    
   2.46666670      0.400000006      0.400000006      0.400000006    
   2.48000002      0.400000006      0.400000006      0.400000006    
   2.49333334      0.400000006      0.400000006      0.400000006    
   2.50666666      0.400000006      0.400000006      0.400000006    
   2.51999998      0.400000006      0.400000006      0.400000006    
   2.53333330      0.400000006      0.400000006      0.400000006    
   2.54666662      0.400000006      0.400000006      0.400000006    
   2.55999994      0.400000006      0.400000006      0.400000006    
   2.57333326      0.400000006      0.400000006      0.400000006    
   2.58666658      0.400000006      0.400000006      0.400000006    
   2.59999990      0.400000006      0.400000006      0.400000006    
   2.61333323      0.400000006      0.400000006      0.400000006    
   2.62666655      0.400000006      0.400000006      0.400000006    
   2.63999987      0.400000006      0.400000006      0.400000006    
   2.65333319      0.400000006      0.400000006      0.400000006    
   2.66666651      0.400000006      0.400000006      0.400000006    
   2.67999983      0.400000006      0.400000006      0.400000006    
   2.69333315      0.400000006      0.400000006      0.400000006    
   2.70666647      0.400000006      0.400000006      0.400000006    
   2.71999979      0.400000006      0.400000006      0.400000006    
   2.73333311      0.400000006      0.400000006      0.400000006    
   2.74666643      0.400000006      0.400000006      0.400000006    
   2.76000023      0.400000006      0.400000006      0.400000006    
   2.77333355      0.400000006      0.400000006      0.400000006    
   2.78666687      0.400000006      0.400000006      0.400000006    
   2.80000019      0.400000006      0.400000006      0.400000006    
   2.81333351      0.400000006      0.400000006      0.400000006    
   2.82666683      0.400000006      0.400000006      0.400000006    
   2.84000015      0.400000006      0.400000006      0.400000006    
   2.85333347      0.400000006      0.400000006      0.400000006    
   2.86666679      0.400000006      0.400000006      0.400000006    
   2.88000011      0.400000006      0.400000006      0.400000006    
   2.89333344      0.400000006      0.400000006      0.400000006    
   2.90666676      0.400000006      0.400000006      0.400000006    
   2.92000008      0.400000006      0.400000006      0.400000006    
   2.93333340      0.400000006      0.400000006      0.400000006    
   2.94666672      0.400000006      0.400000006      0.400000006    
   2.96000004      0.400000006      0.400000006      0.400000006    
   2.97333336      0.400000006      0.400000006      0.400000006    
   2.98666668      0.400000006      0.400000006      0.400000006    
   3.00000000      0.400000006      0.400000006      0.400000006    
   3.01333332      0.400000006      0.400000006      0.400000006    
   3.02666664      0.400000006      0.400000006      0.400000006    
   3.03999996      0.400000006      0.400000006      0.400000006    
   3.05333328      0.400000006      0.400000006      0.400000006    
   3.06666660      0.400000006      0.400000006      0.400000006    
   3.07999992      0.400000006      0.400000006      0.400000006    
   3.09333324      0.400000006      0.400000006      0.400000006    
   3.10666656      0.400000006      0.400000006      0.400000006    
   3.11999989      0.400000006      0.400000006      0.400000006    
   3.13333321      0.400000006      0.400000006      0.400000006    
   3.14666653      0.400000006      0.400000006      0.400000006    
   3.15999985      0.400000006      0.400000006      0.400000006    
   3.17333317      0.400000006      0.400000006      0.400000006    
   3.18666649      0.400000006      0.400000006      0.400000006    
   3.19999981      0.400000006      0.400000006      0.400000006    
   3.21333313      0.400000006      0.400000006      0.400000006    
   3.22666645      0.400000006      0.400000006      0.400000006    
   3.23999977      0.400000006      0.400000006      0.400000006    
   3.25333357      0.400000006      0.400000006      0.400000006    
   3.26666689      0.400000006      0.400000006      0.400000006    
   3.28000021      0.400000006      0.400000006      0.400000006    
   3.29333353      0.400000006      0.400000006      0.400000006    
   3.30666685      0.400000006      0.400000006      0.400000006    
   3.32000017      0.400000006      0.400000006      0.400000006    
   3.33333349      0.400000006      0.400000006      0.400000006    
   3.34666681      0.400000006      0.400000006      0.400000006    
   3.36000013      0.400000006      0.400000006      0.400000006    
   3.37333345      0.400000006      0.400000006      0.400000006    
   3.38666677      0.400000006      0.400000006      0.400000006    
   3.40000010      0.400000006      0.400000006      0.400000006    
   3.41333342      0.400000006      0.400000006      0.400000006    
   3.42666674      0.400000006      0.400000006      0.400000006    
   3.44000006      0.400000006      0.400000006      0.400000006    
   3.45333338      0.400000006      0.400000006      0.400000006    
   3.46666670      0.400000006      0.400000006      0.400000006    
   3.48000002      0.400000006      0.400000006      0.400000006    
   3.49333334      0.400000006      0.400000006      0.400000006    
   3.50666666      0.400000006      0.400000006      0.400000006    
   3.51999998      0.400000006      0.400000006      0.400000006    
   3.53333330      0.400000006      0.400000006      0.400000006    
   3.54666662      0.400000006      0.400000006      0.400000006    
   3.55999994      0.400000006      0.400000006      0.400000006    
   3.57333326      0.400000006      0.400000006      0.400000006    
   3.58666658      0.400000006      0.400000006      0.400000006    
   3.59999990      0.400000006      0.400000006      0.400000006    
   3.61333323      0.400000006      0.400000006      0.400000006    
   3.62666655      0.400000006      0.400000006      0.400000006    
   3.63999987      0.400000006      0.400000006      0.400000006    
   3.65333319      0.400000006      0.400000006      0.400000006    
   3.66666651      0.400000006      0.400000006      0.400000006    
   3.67999983      0.400000006      0.400000006      0.400000006    
   3.69333315      0.400000006      0.400000006      0.400000006    
   3.70666647      0.400000006      0.400000006      0.400000006    
   3.71999979      0.400000006      0.400000006      0.400000006    
   3.73333311      0.400000006      0.400000006      0.400000006    
   3.74666643      0.400000006      0.400000006      0.400000006    
   3.76000023      0.400000006      0.400000006      0.400000006    
   3.77333355      0.400000006      0.400000006      0.400000006    
   3.78666687      0.400000006      0.400000006      0.400000006    
   3.80000019      0.400000006      0.400000006      0.400000006    
   3.81333351      0.400000006      0.400000006      0.400000006    
   3.82666683      0.400000006      0.400000006      0.400000006    
   3.84000015      0.400000006      0.400000006      0.400000006    
   3.85333347      0.400000006      0.400000006      0.400000006    
   3.86666679      0.400000006      0.400000006      0.400000006    
   3.88000011      0.400000006      0.400000006      0.400000006    
   3.89333344      0.400000006      0.400000006      0.400000006    
   3.90666676      0.400000006      0.400000006      0.400000006    
   3.92000008      0.400000006      0.400000006      0.400000006    
   3.93333340      0.400000006      0.400000006      0.400000006    
   3.94666672      0.400000006      0.400000006      0.400000006    
   3.96000004      0.400000006      0.400000006      0.400000006    
   3.97333336      0.400000006      0.400000006      0.400000006    
   3.98666668      0.400000006      0.400000006      0.400000006    
